    0.3402     0.1322     0.1219    0.03816          0          0          0       0.04      4.902     0.7551
    0.5564     0.2438     0.2714     0.1075          0          0          0    0.07322       9.13     0.8022
    0.7191     0.3388     0.4183     0.1643          0          0          0     0.1218      15.49     0.8489
     0.612      0.438     0.4706     0.1945          0          0          0     0.1923      26.26      1.084
    0.6264     0.4711     0.5044     0.2062          0          0          0     0.2516      33.82     0.8091
    0.7983     0.4959     0.5682     0.2249          0          0          0     0.3416      43.49     0.8317
    0.7107     0.5289     0.5886     0.2474          0          0          0     0.4353      59.45      1.027
    0.7654     0.4752     0.5632     0.2259          0          0          0     0.5914      74.42      0.821
    0.6539     0.5702     0.5813     0.2278          0          0          0     0.6717      88.48     0.9222
    0.6049      0.595     0.5799     0.2318          0          0          0     0.7972      106.3      1.141
    0.6108     0.5331     0.5309     0.2218          0          0          0     0.9405      126.3      1.138
