    0.3583    0.07851    0.07239    0.03035          0          0          0    0.05024      9.629     0.8374
    0.4835      0.186     0.1954    0.06417          0          0          0    0.09067      11.44      1.717
    0.5669     0.3017     0.3271     0.1185          0          0          0      0.135      16.11      1.029
     0.684      0.376      0.421     0.1574          0          0          0     0.1992       23.2     0.7636
    0.6315     0.4959     0.4998     0.1862          0          0          0     0.2707      32.41     0.7882
      0.72     0.5207     0.5484     0.2088          0          0          0     0.3849      45.32     0.7672
    0.6927     0.5124     0.5644      0.227          0          0          0     0.4684      55.46      1.033
     0.679     0.5248     0.5384     0.2188          0          0          0     0.5704      69.75     0.8072
    0.6861     0.5372     0.5786     0.2427          0          0          0     0.6909      83.27      1.082
    0.7587     0.4835      0.563     0.2477          0          0          0     0.8915      106.4     0.8417
     0.676     0.5868     0.6117     0.2657          0          0          0      1.002      125.4      0.887
