    0.3025     0.1612     0.1446    0.05335          0          0          0    0.04012      8.468      1.018
    0.4813     0.2851     0.3011     0.1048          0          0          0    0.07459      15.76      1.017
    0.6971      0.409     0.4463     0.1714          0          0          0     0.1225       26.7      1.025
    0.6856     0.4959     0.5099     0.2325          0          0          0     0.1928      41.31     0.9203
    0.7206     0.5435     0.5835     0.2419          0          0          0     0.2609      57.05      1.051
     0.763     0.5454     0.5937     0.2649          0          0          0     0.3369       76.9       1.06
    0.7666     0.5702      0.615     0.2768          0          0          0     0.4329      98.92      1.018
    0.6836     0.6072     0.6105     0.2741          0          0          0     0.5746      126.3      1.148
    0.6682      0.599     0.6265     0.2932          0          0          0     0.6646      155.8      1.081
    0.6761     0.5785     0.6106     0.2863          0          0          0     0.7955      186.7     0.8511
     0.649     0.6116     0.6176     0.2986          0          0          0     0.9515      237.1      1.068
