    0.2599      0.124     0.1006     0.0365          0          0          0    0.04229       5.93      1.071
    0.5556     0.2645     0.2844     0.1116          0          0          0    0.07823      11.26      1.034
    0.7403     0.4008     0.4622     0.1924          0          0          0     0.1249      16.81     0.7887
    0.7687     0.4421     0.4784     0.2072          0          0          0     0.1869      22.82     0.7923
    0.7048     0.5248     0.5399     0.2288          0          0          0     0.2551      34.45     0.8602
    0.7226      0.549     0.5597     0.2477          0          0          0     0.3634      45.31      1.059
    0.7429      0.562     0.6045      0.255          0          0          0     0.4359      56.46      1.114
    0.7026     0.5868     0.6107     0.2601          0          0          0     0.5465      72.15      1.065
    0.6979     0.5823     0.6247     0.2642          0          0          0     0.6645       88.1     0.9205
    0.6409     0.5909     0.6223     0.2701          0          0          0     0.7928        107     0.8688
    0.5654     0.6405      0.592     0.2673          0          0          0     0.9436      128.6     0.8705
