    0.1403    0.09917    0.04082    0.01151          0          0          0    0.04209      10.04      1.028
    0.3371      0.219     0.1694    0.04936          0          0          0    0.07741      16.54      1.125
    0.5041     0.2355     0.2377    0.08068          0          0          0     0.1239      26.91      1.353
    0.4095     0.3471     0.2602    0.09054          0          0          0     0.1811      40.51      1.493
    0.5644     0.3427     0.3383     0.1229          0          0          0     0.2656      56.19      1.528
    0.5766     0.3884     0.3848     0.1276          0          0          0     0.3684      78.79      1.897
    0.5759      0.405      0.421     0.1493          0          0          0      0.434        100      2.283
    0.5847     0.3841     0.4106     0.1429          0          0          0     0.5446      124.4        3.4
    0.5713     0.4091     0.4259     0.1536          0          0          0     0.6723      154.3      5.298
    0.6068     0.3967     0.4248     0.1336          0          0          0     0.7962      184.9      7.715
    0.5384     0.4337     0.3977      0.137          0          0          0     0.9479      220.7      12.17
