    0.2331    0.09091    0.07232    0.02551          0          0          0    0.04888      8.066     0.9927
    0.5414     0.2273     0.2426      0.087          0          0          0    0.09008      9.578      1.003
    0.6812     0.3099     0.3608     0.1272          0          0          0     0.1365      16.42      1.012
    0.6756     0.4131     0.4595      0.177          0          0          0     0.2086      25.19      1.018
     0.682     0.4874     0.5104     0.2046          0          0          0     0.2764      32.88     0.8187
    0.7143     0.5372     0.5642     0.2302          0          0          0     0.3607      42.72       1.04
    0.7383     0.5247     0.5813     0.2381          0          0          0     0.4587      54.95     0.8547
    0.8025     0.5206     0.5889     0.2375          0          0          0       0.61      71.72        1.2
    0.6796     0.5785     0.6057      0.248          0          0          0     0.7071       85.6      1.022
    0.5863     0.6157      0.587     0.2473          0          0          0     0.8305      100.4     0.8399
    0.7012     0.5289     0.5734     0.2439          0          0          0     0.9824      120.6     0.9347
