    0.1567     0.1281    0.08171    0.02641          0          0          0    0.04117      5.959     0.7926
     0.416     0.2591     0.2718      0.102          0          0          0    0.07621      10.09     0.7773
    0.5248     0.3595     0.3813     0.1598          0          0          0     0.1214      15.81      1.006
    0.6067     0.4463     0.4755      0.214          0          0          0       0.18      23.21      1.023
    0.6629     0.5041     0.5299     0.2239          0          0          0     0.2544      32.83     0.8107
    0.6902     0.5247     0.5611     0.2471          0          0          0     0.3452      45.12      1.043
    0.7318     0.5639     0.5932     0.2631          0          0          0     0.4358      58.11      0.791
    0.7514     0.5496     0.5825       0.26          0          0          0     0.5426       70.3     0.8268
    0.7543     0.5331     0.5941      0.278          0          0          0     0.6636      88.75     0.9147
    0.7404     0.5661     0.5971     0.2761          0          0          0     0.8493        108     0.8411
    0.7316     0.5744     0.5941     0.2748          0          0          0     0.9429      127.7      1.032
